SDD Version, SDDv2.0;
Software, TOPAS-nBio;
Author, Name;
Simulation Details, Nucleus simulation;
Source, Monoenergetic source;
Source type, 1;
Incident particles, 2212;
Mean particle energy, 0.030000;
Energy distribution, M, 0;
Particle fraction, 1.0;
Dose or fluence, 1, 1e-12;
Dose rate, 0.0;
Irradiation target, Nucleus;
Volumes, 0,5,5,5,0,0,0,1,4.65,4.65,4.65,0,0,0;
Chromosome sizes, 46,252.823,252.823,248.157,248.157,204.04,204.04,195.556,195.556,184.951,184.951,174.77,174.77,162.469,162.469,149.318,149.318,143.38,143.38,138.289,138.289,137.441,137.441,135.32,135.32,116.655,116.655,108.595,108.595,102.656,102.656,90.7788,90.7788,80.1738,80.1738,77.6286,77.6286,65.3268,65.3268,63.63,63.63,47.9346,47.9346,50.4798,50.4798,58.9638,158.227;
DNA Density, 14.4318;
Cell Cycle Phase, 0;
DNA Structure, 0, 1;
In vitro / in vivo, 0;
Proliferation status, 1;
Microenvironment, 20, 0.01;
Damage definition, 1, 0, 10, 10, 11.75;
Time, 0.000000;
Damage and primary count, 91, 42229;
Data entries, 1, 1, 1, 1, 1, 1, 1, 0, 0, 0, 0, 0, 0, 0;
Additional information, ;
***EndOfHeader***;
2, 1308; -2.21183, 1.82551, 1.69106 / -2.21183, 1.82551, 1.69106 / -2.21183, 1.82551, 1.69106; 1, 24, 1, 0; 0.940218689357; 1, 0, 1; 0, 11, 0; 4, 1, 2 ;
0, 1308; -2.214195, 1.820782, 1.678791 / -2.214195, 1.820782, 1.678791 / -2.214195, 1.820782, 1.678791; 1, 24, 1, 0; 0.940219975199; 1, 0, 1; 1, 10, 0; 3, 1, 2 ;
0, 1308; -1.064726, 2.355600, 1.684402 / -1.064726, 2.355600, 1.684402 / -1.064726, 2.355600, 1.684402; 1, 29, 1, 0; 0.355508424219; 1, 0, 1; 0, 11, 0; 4, 1, 2 ;
0, 1308; -0.533589, 2.413537, 1.990601 / -0.533589, 2.413537, 1.990601 / -0.533589, 2.413537, 1.990601; 1, 29, 1, 0; 0.729661375228; 1, 0, 1; 0, 11, 0; 1, 1, 2 ;
0, 1308; -0.322337, 2.469132, 2.044701 / -0.322337, 2.469132, 2.044701 / -0.322337, 2.469132, 2.044701; 1, 29, 1, 0; 0.731309328985; 1, 0, 1; 0, 11, 0; 4, 1, 2 ;
0, 1308; -0.531616, 2.413068, 1.985615 / -0.531188, 2.413611, 1.986211 / -0.532044, 2.412526, 1.985019; 1, 29, 1, 0; 0.729643032485; 1, 0, 2; 2, 10, 0; 3, 1, 2 / 3, 8, 2 ;
0, 1308; -0.537404, 2.412408, 2.015454 / -0.537404, 2.412408, 2.015454 / -0.537404, 2.412408, 2.015454; 1, 29, 1, 0; 0.729696180657; 1, 0, 1; 1, 10, 0; 2, 1, 2 ;
0, 1308; 0.262014, 2.423041, 2.381358 / 0.262014, 2.423041, 2.381358 / 0.262014, 2.423041, 2.381358; 1, 31, 1, 0; 0.404365027958; 1, 0, 1; 0, 11, 0; 4, 1, 2 ;
0, 1308; -2.896288, 0.706387, 2.272721 / -2.896288, 0.706387, 2.272721 / -2.896288, 0.706387, 2.272721; 1, 37, 1, 0; 0.023947307996; 1, 0, 1; 0, 11, 0; 1, 1, 2 ;
0, 1308; -2.868215, 0.840205, 2.244337 / -2.867829, 0.840612, 2.245390 / -2.868601, 0.839797, 2.243285; 1, 37, 1, 0; 0.022497122161; 2, 1, 1; 2, 10, 0; 2, 1, 2 / 2, 9, 1 ;
0, 1308; -2.871735, 0.841545, 2.245626 / -2.871735, 0.841545, 2.245626 / -2.871735, 0.841545, 2.245626; 1, 37, 1, 0; 0.022495499550; 1, 0, 1; 1, 10, 0; 3, 1, 2 ;
0, 1308; -2.876861, 0.820962, 2.247819 / -2.876861, 0.820962, 2.247819 / -2.876861, 0.820962, 2.247819; 1, 37, 1, 0; 0.022506092446; 1, 0, 1; 1, 10, 0; 2, 1, 2 ;
0, 1308; -2.893976, 0.714797, 2.266628 / -2.893976, 0.714797, 2.266628 / -2.893976, 0.714797, 2.266628; 1, 37, 1, 0; 0.023944047466; 1, 0, 1; 1, 10, 0; 2, 1, 2 ;
0, 1308; 0.491291, 2.333479, 2.619481 / 0.491291, 2.333479, 2.619481 / 0.491291, 2.333479, 2.619481; 1, 38, 1, 0; 0.571657206537; 1, 0, 1; 0, 11, 0; 1, 1, 2 ;
0, 1308; 1.085505, 2.759855, 2.928268 / 1.085505, 2.759855, 2.928268 / 1.085505, 2.759855, 2.928268; 1, 40, 1, 0; 0.073088307402; 1, 0, 1; 1, 10, 0; 3, 1, 2 ;
0, 1308; -2.454238, -1.356973, 3.475862 / -2.454238, -1.356973, 3.475862 / -2.454238, -1.356973, 3.475862; 1, 43, 1, 0; 0.513273685712; 1, 0, 1; 1, 10, 0; 3, 1, 2 / 3, 4, 0 / 3, 7, 0 ;
1, 5651; 2.44868, -2.65238, 2.04858 / 2.44868, -2.65238, 2.04858 / 2.44868, -2.65238, 2.04858; 1, 33, 1, 0; 0.078102310231; 0, 1, 0; 0, 11, 0; 1, 1, 1 ;
1, 7049; 1.16691, -2.52346, -0.722664 / 1.16733, -2.52309, -0.72225 / 1.16649, -2.52383, -0.723079; 1, 9, 1, 0; 0.595248541237; 2, 1, 2; 2, 11, 0; 2, 2, 2 / 2, 4, 2 / 2, 6, 0 / 2, 9, 0 / 3, 9, 0 / 4, 1, 1 ;
0, 7049; 1.173500, -2.527329, -0.720282 / 1.173500, -2.527329, -0.720282 / 1.173500, -2.527329, -0.720282; 1, 9, 1, 0; 0.595248346591; 1, 0, 1; 0, 11, 0; 4, 1, 2 ;
0, 7049; 0.763630, -3.721981, -0.377020 / 0.763630, -3.721981, -0.377020 / 0.763630, -3.721981, -0.377020; 1, 9, 1, 0; 0.820923584167; 1, 0, 1; 0, 11, 0; 4, 1, 2 ;
0, 7049; 1.171414, -2.522175, -0.719132 / 1.171414, -2.522175, -0.719132 / 1.171414, -2.522175, -0.719132; 1, 9, 1, 0; 0.595249092734; 1, 0, 1; 1, 10, 0; 3, 1, 2 ;
0, 7049; 1.169156, -2.520493, -0.720282 / 1.169156, -2.520493, -0.720282 / 1.169156, -2.520493, -0.720282; 1, 9, 1, 0; 0.595249152209; 1, 0, 1; 1, 10, 0; 3, 1, 2 ;
0, 7049; 1.169104, -2.519499, -0.724522 / 1.169104, -2.519499, -0.724522 / 1.169104, -2.519499, -0.724522; 1, 9, 1, 0; 0.595249271159; 1, 0, 1; 1, 10, 0; 2, 1, 2 ;
0, 7049; 1.174290, -2.533901, -0.716228 / 1.174290, -2.533901, -0.716228 / 1.174290, -2.533901, -0.716228; 1, 9, 1, 0; 0.595256938046; 1, 0, 1; 1, 10, 0; 3, 1, 2 ;
0, 7049; 1.072176, -2.961998, -0.736533 / 1.072176, -2.961998, -0.736533 / 1.072176, -2.961998, -0.736533; 1, 9, 1, 0; 0.602831936208; 1, 0, 1; 1, 10, 0; 3, 1, 2 ;
0, 7049; 0.835342, -3.513299, -0.481602 / 0.835342, -3.513299, -0.481602 / 0.835342, -3.513299, -0.481602; 1, 9, 1, 0; 0.872666973775; 1, 0, 1; 1, 10, 0; 3, 1, 2 ;
0, 7049; 1.012205, -0.282518, -0.923153 / 1.013181, -0.282377, -0.922789 / 1.011229, -0.282659, -0.923517; 1, 12, 1, 0; 0.449521228995; 2, 3, 1; 3, 11, 0; 1, 1, 1 / 2, 1, 1 / 2, 2, 0 / 2, 7, 2 / 3, 1, 1 ;
0, 7049; 1.008145, -0.287901, -0.916683 / 1.008663, -0.287621, -0.916274 / 1.007626, -0.288182, -0.917092; 1, 12, 1, 0; 0.449520845635; 2, 2, 1; 2, 11, 0; 2, 6, 0 / 2, 7, 1 / 3, 2, 1 / 3, 8, 0 / 4, 1, 2 ;
0, 7049; 1.054306, -2.136531, -0.585699 / 1.054306, -2.136531, -0.585699 / 1.054306, -2.136531, -0.585699; 1, 12, 1, 0; 0.653367006083; 1, 0, 1; 0, 11, 0; 1, 1, 2 ;
0, 7049; 1.057151, -2.152937, -0.588687 / 1.057151, -2.152937, -0.588687 / 1.057151, -2.152937, -0.588687; 1, 12, 1, 0; 0.653368905719; 0, 1, 0; 0, 11, 0; 4, 1, 1 ;
0, 7049; 0.992087, -1.942410, -0.455547 / 0.992087, -1.942410, -0.455547 / 0.992087, -1.942410, -0.455547; 1, 12, 1, 0; 0.653927987806; 1, 0, 1; 0, 11, 0; 1, 1, 2 ;
0, 7049; 0.992657, -1.951272, -0.455399 / 0.992729, -1.950965, -0.455058 / 0.992585, -1.951578, -0.455740; 1, 12, 1, 0; 0.653929629960; 2, 1, 1; 2, 10, 0; 2, 1, 1 / 2, 4, 2 ;
0, 7049; 1.007537, -0.283356, -0.923841 / 1.007537, -0.283356, -0.923841 / 1.007537, -0.283356, -0.923841; 1, 12, 1, 0; 0.449521126003; 1, 0, 1; 1, 10, 0; 2, 1, 2 / 4, 4, 0 ;
0, 7049; 1.014296, -0.283034, -0.920289 / 1.014296, -0.283034, -0.920289 / 1.014296, -0.283034, -0.920289; 1, 12, 1, 0; 0.449521326266; 1, 0, 1; 1, 10, 0; 2, 1, 2 ;
0, 7049; 1.012695, -0.279131, -0.917054 / 1.012695, -0.279131, -0.917054 / 1.012695, -0.279131, -0.917054; 1, 12, 1, 0; 0.449522161648; 1, 0, 1; 1, 10, 0; 2, 1, 2 ;
0, 7049; 1.002033, -0.292739, -0.901330 / 1.002033, -0.292739, -0.901330 / 1.002033, -0.292739, -0.901330; 1, 12, 1, 0; 0.449525989527; 1, 0, 1; 1, 10, 0; 2, 1, 2 ;
0, 7049; 0.985795, -0.417418, -0.787365 / 0.985795, -0.417418, -0.787365 / 0.985795, -0.417418, -0.787365; 1, 12, 1, 0; 0.505852741654; 1, 0, 1; 1, 10, 0; 3, 1, 2 ;
0, 7049; 1.047835, -2.111708, -0.569843 / 1.047835, -2.111708, -0.569843 / 1.047835, -2.111708, -0.569843; 1, 12, 1, 0; 0.653663383502; 1, 0, 1; 1, 10, 0; 3, 1, 2 ;
0, 7049; 1.048530, -2.107855, -0.570409 / 1.048530, -2.107855, -0.570409 / 1.048530, -2.107855, -0.570409; 1, 12, 1, 0; 0.653664339041; 1, 0, 1; 1, 10, 0; 2, 1, 2 / 2, 3, 0 ;
0, 7049; 0.188088, -4.523358, -0.184725 / 0.188088, -4.523358, -0.184725 / 0.188088, -4.523358, -0.184725; 1, 15, 1, 0; 0.218218966986; 1, 0, 1; 1, 10, 0; 2, 1, 2 ;
0, 7049; 0.915838, -0.482122, -0.673378 / 0.916093, -0.482064, -0.673302 / 0.915582, -0.482179, -0.673453; 1, 16, 1, 0; 0.047681384210; 0, 2, 0; 1, 11, 0; 1, 1, 1 / 2, 2, 1 / 3, 8, 0 ;
0, 7049; 0.874644, -0.645615, 0.132743 / 0.874688, -0.645357, 0.133007 / 0.874599, -0.645873, 0.132479; 1, 16, 1, 0; 0.803778589913; 0, 2, 0; 1, 11, 0; 1, 1, 0 / 1, 2, 1 / 2, 1, 1 ;
0, 7049; 0.915753, -0.474215, -0.674490 / 0.915753, -0.474215, -0.674490 / 0.915753, -0.474215, -0.674490; 1, 16, 1, 0; 0.047680989081; 0, 1, 0; 0, 11, 0; 4, 1, 1 ;
0, 7049; 0.909559, -1.246071, -0.121115 / 0.909559, -1.246071, -0.121115 / 0.909559, -1.246071, -0.121115; 1, 16, 1, 0; 0.301069740903; 1, 0, 1; 0, 11, 0; 1, 6, 0 / 4, 1, 2 ;
0, 7049; 0.761969, -0.703150, -0.246244 / 0.761969, -0.703150, -0.246244 / 0.761969, -0.703150, -0.246244; 1, 16, 1, 0; 0.379106453056; 1, 0, 1; 0, 11, 0; 4, 1, 2 ;
0, 7049; 0.915159, -0.482007, -0.670267 / 0.915471, -0.481937, -0.669892 / 0.914847, -0.482077, -0.670643; 1, 16, 1, 0; 0.047681457878; 2, 1, 1; 2, 10, 0; 1, 4, 0 / 2, 4, 2 / 3, 1, 1 ;
0, 7049; 0.911243, -0.480094, -0.669452 / 0.911243, -0.480094, -0.669452 / 0.911243, -0.480094, -0.669452; 1, 16, 1, 0; 0.047680352857; 1, 0, 1; 1, 10, 0; 3, 1, 2 ;
0, 7049; 0.755206, -0.699259, -0.250851 / 0.755206, -0.699259, -0.250851 / 0.755206, -0.699259, -0.250851; 1, 16, 1, 0; 0.379105649404; 1, 0, 1; 1, 10, 0; 2, 1, 2 ;
0, 7049; 0.874198, -0.649411, 0.128440 / 0.874198, -0.649411, 0.128440 / 0.874198, -0.649411, 0.128440; 1, 16, 1, 0; 0.803779500718; 1, 0, 1; 1, 10, 0; 3, 1, 2 ;
0, 7049; 1.535860, 0.918979, 1.428253 / 1.535860, 0.918979, 1.428253 / 1.535860, 0.918979, 1.428253; 1, 26, 1, 0; 0.858097921221; 0, 1, 0; 0, 11, 0; 1, 1, 1 ;
1, 8471; 0.442419, -0.954709, -4.06555 / 0.442419, -0.954709, -4.06555 / 0.442419, -0.954709, -4.06555; 1, 1, 1, 0; 0.264980160049; 1, 0, 1; 1, 10, 0; 2, 1, 2 ;
0, 8471; 0.688387, -0.454666, -3.691607 / 0.688387, -0.454666, -3.691607 / 0.688387, -0.454666, -3.691607; 1, 1, 1, 0; 0.776950750564; 1, 0, 1; 1, 10, 0; 3, 1, 2 ;
0, 8471; 0.744889, -0.360767, -3.630097 / 0.744889, -0.360767, -3.630097 / 0.744889, -0.360767, -3.630097; 1, 1, 1, 0; 0.777799078566; 1, 0, 1; 1, 10, 0; 3, 1, 2 ;
0, 8471; 1.383907, 0.283497, -3.153010 / 1.383907, 0.283497, -3.153010 / 1.383907, 0.283497, -3.153010; 1, 2, 1, 0; 0.390810961969; 1, 0, 1; 0, 11, 0; 4, 1, 2 ;
1, 13098; -2.96895, 1.99328, -1.92183 / -2.96843, 1.99347, -1.92077 / -2.96947, 1.99308, -1.9229; 1, 6, 1, 0; 0.469542560731; 1, 0, 2; 1, 11, 0; 3, 10, 2 / 4, 1, 2 ;
0, 13098; -2.947265, 2.301784, -1.701842 / -2.947265, 2.301784, -1.701842 / -2.947265, 2.301784, -1.701842; 1, 6, 1, 0; 0.610856448876; 0, 1, 0; 0, 11, 0; 4, 1, 1 ;
0, 13098; -2.871509, 2.068458, -1.722523 / -2.871509, 2.068458, -1.722523 / -2.871509, 2.068458, -1.722523; 1, 6, 1, 0; 0.637177183712; 1, 0, 1; 0, 11, 0; 4, 1, 2 ;
0, 13098; -2.973075, 1.993150, -1.929509 / -2.973075, 1.993150, -1.929509 / -2.973075, 1.993150, -1.929509; 1, 6, 1, 0; 0.469542374493; 1, 0, 1; 1, 10, 0; 2, 1, 2 ;
0, 13098; -2.970774, 1.992179, -1.928919 / -2.970774, 1.992179, -1.928919 / -2.970774, 1.992179, -1.928919; 1, 6, 1, 0; 0.469542423503; 1, 0, 1; 1, 10, 0; 2, 1, 2 ;
0, 13098; -2.961062, 1.998229, -1.905659 / -2.961062, 1.998229, -1.905659 / -2.961062, 1.998229, -1.905659; 1, 6, 1, 0; 0.469552906731; 1, 0, 1; 1, 10, 0; 3, 1, 2 ;
0, 13098; -2.951033, 2.303572, -1.703163 / -2.951033, 2.303572, -1.703163 / -2.951033, 2.303572, -1.703163; 1, 6, 1, 0; 0.610855870559; 1, 0, 1; 1, 10, 0; 1, 7, 0 / 2, 1, 2 / 3, 2, 0 ;
0, 13098; -2.875646, 2.057419, -1.727336 / -2.875646, 2.057419, -1.727336 / -2.875646, 2.057419, -1.727336; 1, 6, 1, 0; 0.637169494051; 1, 0, 1; 1, 10, 0; 2, 1, 2 ;
0, 13098; -2.876303, 2.058097, -1.734971 / -2.876303, 2.058097, -1.734971 / -2.876303, 2.058097, -1.734971; 1, 6, 1, 0; 0.637169685189; 0, 1, 0; 1, 10, 0; 2, 1, 1 ;
1, 14438; 1.87382, -2.7047, 3.28476 / 1.87382, -2.7047, 3.28476 / 1.87382, -2.7047, 3.28476; 1, 40, 1, 0; 0.814116077322; 1, 0, 1; 1, 10, 0; 3, 1, 2 ;
1, 23492; 2.90768, -1.90991, 1.84459 / 2.90768, -1.90991, 1.84459 / 2.90768, -1.90991, 1.84459; 1, 22, 1, 0; 0.950274547296; 1, 0, 1; 1, 10, 0; 3, 1, 2 ;
0, 23492; 3.277714, -0.894044, 2.590997 / 3.277714, -0.894044, 2.590997 / 3.277714, -0.894044, 2.590997; 1, 34, 1, 0; 0.630896864063; 1, 0, 1; 1, 10, 0; 3, 1, 2 ;
1, 31539; -0.0991215, -2.06624, -3.9161 / -0.0988865, -2.06592, -3.91602 / -0.0993566, -2.06656, -3.91617; 1, 1, 1, 0; 0.328327534815; 0, 2, 0; 1, 11, 0; 3, 2, 1 / 4, 1, 1 ;
0, 31539; -0.100835, -2.077561, -3.919908 / -0.100835, -2.077561, -3.919908 / -0.100835, -2.077561, -3.919908; 1, 1, 1, 0; 0.328328662085; 0, 1, 0; 0, 11, 0; 1, 1, 1 / 1, 2, 0 ;
0, 31539; -0.103972, -2.070969, -3.913382 / -0.103972, -2.070969, -3.913382 / -0.103972, -2.070969, -3.913382; 1, 1, 1, 0; 0.328334939199; 1, 0, 1; 1, 10, 0; 2, 1, 2 ;
0, 31539; -0.152892, -2.055887, -3.928805 / -0.152892, -2.055887, -3.928805 / -0.152892, -2.055887, -3.928805; 1, 1, 1, 0; 0.328361503216; 0, 0, 0; 1, 10, 0; 2, 1, 3 ;
1, 33729; 1.38118, 3.28295, 2.15388 / 1.38118, 3.28295, 2.15388 / 1.38118, 3.28295, 2.15388; 1, 28, 1, 0; 0.452603301067; 1, 0, 1; 0, 11, 0; 1, 1, 2 ;
0, 33729; 1.380330, 3.281601, 2.156267 / 1.380330, 3.281601, 2.156267 / 1.380330, 3.281601, 2.156267; 1, 28, 1, 0; 0.452604452130; 1, 0, 1; 1, 10, 0; 2, 1, 2 ;
0, 33729; 0.835820, 3.646945, 2.245707 / 0.835820, 3.646945, 2.245707 / 0.835820, 3.646945, 2.245707; 1, 38, 1, 0; 0.165831037185; 0, 1, 0; 0, 11, 0; 1, 1, 1 ;
0, 33729; 0.524025, 3.174750, 2.579579 / 0.524025, 3.174750, 2.579579 / 0.524025, 3.174750, 2.579579; 1, 38, 1, 0; 0.342104159396; 1, 0, 1; 0, 11, 0; 1, 1, 2 ;
0, 33729; 1.603445, 3.239420, 2.397403 / 1.603445, 3.239420, 2.397403 / 1.603445, 3.239420, 2.397403; 1, 38, 1, 0; 0.054415094571; 1, 0, 1; 1, 10, 0; 2, 1, 2 ;
0, 33729; 0.981981, 3.589503, 2.181745 / 0.981981, 3.589503, 2.181745 / 0.981981, 3.589503, 2.181745; 1, 38, 1, 0; 0.169278489073; 1, 0, 1; 1, 10, 0; 3, 1, 2 ;
0, 33729; 0.488834, 3.040817, 2.583271 / 0.488834, 3.040817, 2.583271 / 0.488834, 3.040817, 2.583271; 1, 38, 1, 0; 0.412683048917; 1, 0, 1; 1, 10, 0; 2, 1, 2 ;
0, 33729; 0.481104, 3.031066, 2.581799 / 0.481104, 3.031066, 2.581799 / 0.481104, 3.031066, 2.581799; 1, 38, 1, 0; 0.412684977681; 1, 0, 1; 1, 10, 0; 1, 3, 0 / 2, 1, 2 ;
0, 33729; 0.490098, 2.931811, 2.605345 / 0.490098, 2.931811, 2.605345 / 0.490098, 2.931811, 2.605345; 1, 38, 1, 0; 0.414381968809; 1, 0, 1; 1, 10, 0; 2, 1, 2 ;
0, 33729; 0.206328, 1.774587, 2.935326 / 0.206541, 1.774609, 2.935372 / 0.206115, 1.774565, 2.935281; 1, 39, 1, 0; 0.723258730159; 0, 2, 0; 2, 10, 0; 2, 4, 1 / 3, 1, 1 ;
0, 33729; -0.003840, 1.377487, 3.043727 / -0.003840, 1.377487, 3.043727 / -0.003840, 1.377487, 3.043727; 1, 39, 1, 0; 0.585226716957; 1, 0, 1; 1, 10, 0; 2, 1, 2 ;
0, 33729; 0.408577, 2.219417, 2.847996 / 0.408577, 2.219417, 2.847996 / 0.408577, 2.219417, 2.847996; 1, 39, 1, 0; 0.988773817382; 1, 0, 1; 1, 10, 0; 1, 9, 0 / 2, 1, 2 / 3, 3, 0 ;
0, 33729; 0.408853, 2.217496, 2.846851 / 0.408853, 2.217496, 2.846851 / 0.408853, 2.217496, 2.846851; 1, 39, 1, 0; 0.988775703285; 1, 0, 1; 1, 10, 0; 3, 1, 2 ;
0, 33729; -0.564067, -0.438032, 3.612314 / -0.564067, -0.438032, 3.612314 / -0.564067, -0.438032, 3.612314; 1, 44, 1, 0; 0.347817740958; 0, 1, 0; 0, 11, 0; 1, 1, 1 ;
0, 33729; -0.429823, -0.497092, 4.465103 / -0.429823, -0.497092, 4.465103 / -0.429823, -0.497092, 4.465103; 1, 46, 1, 0; 0.902982570567; 1, 0, 1; 1, 10, 0; 2, 1, 2 ;
1, 42220; -0.193225, 0.161389, 0.608607 / -0.192804, 0.16174, 0.6088 / -0.193646, 0.161038, 0.608414; 1, 17, 1, 0; 0.691891900940; 2, 1, 1; 1, 11, 0; 1, 1, 1 / 3, 4, 2 ;
0, 42220; -0.195381, 0.161249, 0.604786 / -0.195381, 0.161249, 0.604786 / -0.195381, 0.161249, 0.604786; 1, 17, 1, 0; 0.691892849471; 1, 0, 1; 0, 11, 0; 4, 1, 2 ;
0, 42220; -0.192518, 0.165379, 0.609424 / -0.192293, 0.165591, 0.609747 / -0.192743, 0.165167, 0.609101; 1, 17, 1, 0; 0.691891789348; 1, 0, 2; 2, 10, 0; 2, 2, 2 / 3, 1, 2 / 4, 5, 0 ;
0, 42220; 0.057692, 3.008024, -0.138290 / 0.057692, 3.008024, -0.138290 / 0.057692, 3.008024, -0.138290; 1, 17, 1, 0; 0.208349430463; 0, 1, 0; 1, 10, 0; 2, 1, 1 ;
0, 42220; 0.096563, 3.132649, -0.255735 / 0.096563, 3.132649, -0.255735 / 0.096563, 3.132649, -0.255735; 1, 17, 1, 0; 0.228749089829; 1, 0, 1; 1, 10, 0; 2, 1, 2 ;
0, 42220; -0.055577, 2.711356, 0.123991 / -0.055577, 2.711356, 0.123991 / -0.055577, 2.711356, 0.123991; 1, 17, 1, 0; 0.557697043373; 1, 0, 1; 1, 10, 0; 2, 1, 2 ;
